0
0
0
0
0
0
0
0
0
0
0
0
0
0
0
0
0
0
0
0
0
0
0
0
0
0
0
0
0
0
0
0
0
0
0
0
0
0
0
0
0
0
0
0
0
0
0
0
0
0
0
0
0
0
0
0
0
0
0
0
0
0
0
0
0
0
0
0
0
0
0
0
0
0
0
0
0
0
0
0
0
0
0
0
0
0
0
0
0
0
0
0
0
0
0
0
0
0
0
0
0
0
0
0
0
0
0
0
0
0
0
0
0
0
0
0
0
0
0
0
0
0
0
0
0
0
0
0
0
0
0
0
0
0
0
0
0
0
0
0
0
0
0
0
0
0
0
0
0
0
0
0
0
0
0
2
0
0
0
3
0
2
0
0
0
0
2
0
0
0
0
0
0
2
0
0
0
0
0
0
0
0
0
0
2
1
0
1
0
1
0
0
0
0
0
1
0
0
0
0
0
0
0
0
0
0
0
0
3
0
0
0
0
0
0
0
1
1
1
1
0
0
1
7
2
1
7
0
1
0
1
1
0
1
1
0
0
1
1
0
1039
622
599
358
439
382
86
404
376
381
259
386
582
163
734
684
799
665
659
618
156
636
577
634
499
510
500
143
545
482
526
426
493
455
145
572
483
497
408
430
342
134
528
433
403
353
331
638
187
591
492
493
658
960
1021
1093
1149
1173
918
874
1321
1283
1244
1311
1252
942
890
1268
1223
1218
1265
1370
1048
1008
1397
1307
1442
1617
1540
1272
1182
174
1
3
961
1312
1247
1216
1806
1879
1801
1876
1908
1638
1479
2072
2048
2131
2165
2244
1719
1468
2043
1919
2080
2271
2509
2220
1869
2610
2532
2480
2698
2764
2639
2181
2804
2561
2334
2442
2545
2202
1912
2173
2034
1967
2031
2069
1848
1525
2107
1986
1824
1938
2105
1934
1494
1592
1342
1226
1353
1564
1512
968
1137
555
917
983
1177
1054
675
921
801
920
1220
1028
775
609
508
685
601
673
796
674
414
641
557
555
849
983
939
606
429
792
767
1086
1306
1232
855
691
1205
968
1120
1453
1301
877
1301
1220
1223
1386
1891
1789
1248
1706
1449
1479
1845
2332
2398
2010
3171
3360
1922
1810
1165
1748
1202
1174
925
749
826
1041
1033
559
874
746
758
781
913
838
396
721
637
606
647
731
703
331
620
580
551
784
303
4
386
597
488
458
477
676
609
256
498
460
401
421
587
562
269
436
453
401
409
583
564
259
496
426
470
458
458
458
458
458
458
458
458
458
458
458
458
458
458
458
458
458
458
458
458
458
458
458
458
458
458
458
458
458
458
458
458
458
458
458
458
458
458
458
458
458
458
458
458
458
458
458
458
458
458
458
458
458
458
458
458
458
458
458
458
458
458
458
458
458
458
458
458
458
458
458
458
458
458
458
458
458
458
458
458
458
458
458
458
458
458
458
458
458
458
458
458
458
458
458
458
458
458
458
458
458
458
458
458
458
458
458
458
458
458
458
458
458
458
458
458
458
458
458
458
458
458
458
458
458
458
458
458
458
458
458
458
458
458
458
458
458
458
458
458
458
458
458
458
458
458
458
458
458
458
458
458
458
458
458
458
458

