6149
1317
1250
1833
1745
1709
1754
1718
129
3
603
732
758
702
1135
1119
1166
663
1058
960
2124
4185
4721
4316
4788
5016
4737
4662
4286
3276
3016
3736
4106
3508
3189
2490
2268
2287
2540
2979
2138
2629
2359
2343
2412
3449
4186
3887
3560
3115
2917
2938
3818
4312
3877
3480
2823
2542
2567
3210
3878
2949
2874
2410
1556
2287
2985
3660
2884
2599
2217
2119
2283
3281
3818
3221
3086
2592
2453
2781
3696
4477
3490
3244
2611
2294
2818
3950
4610
3661
2610
3303
2507
2865
4131
4578
3490
3754
3151
3259
3856
4987
5547
4956
4575
4941
5405
4598
6681
6094
5460
6018
5556
5324
6101
6800
6602
5815
5656
5642
5582
6216
6780
6473
5753
6333
6058
6040
6366
7038
6454
5803
6434
6322
6144
5981
6854
6549
5745
6500
6410
6373
6559
6854
6364
5752
6770
6602
6460
6500
6798
6480
5862
6485
6138
6077
6038
6379
6195
5418
6070
5806
5813
6244
6480
6329
5547
6582
6380
5042
4905
5895
6145
4796
4666
4124
4122
4437
5390
5768
4011
3705
3019
2998
3187
3918
4380
2592
2529
1889
1822
3500
3836
4169
2578
2627
2125
2402
3095
1668
2389
1360
1757
1316
1221
1367
1590
5
2018
1502
815
21
1227
2012
1880
860
1182
879
762
1093
1462
1463
723
1055
938
796
939
934
826
637
770
677
209
786
910
1028
631
774
644
114
680
903
1097
593
702
675
200
934
973
1087
627
719
672
198
885
1000
1276
833
888
908
211
713
867
985
640
700
640
202
738
849
965
604
667
600
204
783
846
1006
715
745
636
254
883
740
637
621
646
1240
413
933
877
856
902
1403
1328
1192
1342
1481
1352
1032
1257
1216
1056
1285
1512
1327
1017
1211
1134
997
1229
1672
1550
1364
1706
1829
1765
1721
2099
1883
1577
464
6
18
775
3193
2488
1982
3364
3483
3303
3365
3904
3084
2112
3169
3229
3456
3323
3857
3297
2442
3101
3092
3241
3140
3213
3160
2332
2680
2204
2041
2117
2632
2706
2103
2763
2806
3034
3169
3553
3037
1931
3305
3412
3351
3382
3987
3166
1803
3245
3148
2945
2978
3432
2837
1650
2690
2425
2326
2227
2223
2135
1165
2062
718
1785
1681
1982
1700
968
1594
1420
1320
1623
1050
943
879
771
1487
1151
1056
1404
1443
789
1050
989
935
1093
1704
2099
1284
888
1339
1019
1019
1410
1533
937
604
942
650
642
956
1170
618
606
655
565
620
1005
1012
564
652
568
583
608
813
909
485
629
636
532
747
510
761
398
592
446
406
412
691
812
365
618
516
495
601
722
700
303
577
426
372
434
504
551
236
390
361
341
550
200
3
264
394
302
254
274
442
405
166
325
251
247
260
384
393
158
291
232
218
212
309
289
141
232
210
223
231
231
231
231
231
231
231
231
231
231
231
231
231
231
231
231
231
231
231
231
231
231
231
231
231
231
231
231
231
231
231
231
231
231
231
231
231
231
231
231
231
231
231
231
231
231
231
231
231
231
231
231
231
231
231
231
231
231
231
231
231
231
231
231
231
231
231
231
231
231
231
231
231
231
231
231
231
231
231
231
231
231
231
231
231
231
231
231
231
231
231
231
231
231
231
231
231
231
231
231
231
231
231
231
231
231
231
231
231
231
231
231
231
231
231
231
231
231
231
231
231
231
231
231
231
231
231
231
231
231
231
231
231
231
231
231
231
231
231
231
231
231
231
231
231
231
231
231
231
231
231
231
231
231
231
231
231

